@BarackObama
914832655170011137

@JoeBiden
915751786606145537
914867985558491136
914867837201764358

@SenSanders
915699332824928257
915689068234715137
915653291861823489
915637898413793280
915635042671611904
914957366420008960
914896604511002627
914896518460657664
914896466677833730
914896339561074688
914896276017295363

@NancyPelosi
916685342303961089
916367836741849089
915963553739362305
915955582678568960
915954605233786881
915756581555462144
915755562868121600
915751748882649088
915749326340726789
915659572446208000
915351958709587968
915188477884600320
914907736395182081
914851530800541697
914813494758961152

@clairecmc
915030603581489152

@SenGillibrand
916013905276743680
915273487056556032
914830371094745088
914830169940078594

@keithellison
916380911104651264
915763648362160128
915585547388649472
915579503845548032
915210594604785664

@SenBooker
917761415498338305
915144520831991809
914842608123473920

@SenWarren
914848392018321408
914847925632716800
914847687727607808
914847526632779776

@SenSchumer
915936261835280384
915259014354804736
915233373265825792
915232230208933888
915231792508043265
915231457026732033
915218409423560704
915215657121218560

@CongressmanRuiz
914885277096738821
914885067440345088

@repjohnlewis
916666636270292993
915572661652197376
915572411080339456
915572280633196546
915572146608406533
915572030187155456
915571923349917697

@realDonaldTrump
918201878479073280
915890389269254145
915745470689005573
915722355757985792
915604746936967168
915371086249971712
915326171063242752
914810093874671617

@SenJohnMcCain
915645203721211904
915638620849090560
915210481790590977
914854514414452736
914854189532098560

@SpeakerBoehner
914897152542945280

@GOPLeader
916015865237090304
915717100265713664
915261942968799232
915246631460773890
914883210030567425
914877695204446208
914854257907691521
914825809084473345

@RandPaul
914835631188189184
914823091586510848

@marcorubio
914958320489902085
914851058253533185
914850984953880577
914815750619172864

@SenJohnKennedy
914839679203233792

@SenatorFischer
914821857710354432

@RonPaul
915335658381516801
915298887098699776
915284254640279553
915257351548145664

@gop
917228628055871488
915705501840740353
915339757441441792
914936700887060482
914898025297977350

@RepGallagher
914811391038586881

@VP
916849669103288321
916823534705561600
916767527853752320
916767088802455552
916766517236240385
916762349893275649
916761769309241344
916761515008675841
916761343142842368
916761190621220869
916760472954851328
916760158818258946
916759642616852480
916759242543165440
916749084622548995
916691407531925505
915989487943016449
915579228103614466
915382834717757440
915370822331781121
915362470952423424
914869561543024640
914815559295995905
914815449606578176
914815390374666241
